Probe: <function ProbeMovement.pTLeft at 0x0000012598302200>
tWins: [3139, 2800, 3425]
Percentage: [0.2772478360713655, 0.24730612965907084, 0.30250839074368485]

Probe: <function ProbeMovement.pTRight at 0x00000125983022A0>
tWins: [3051, 2568, 3352]
Percentage: [0.26947535771065184, 0.22681505034446212, 0.29606076664900194]

Probe: <function ProbeMovement.pBLeft at 0x0000012598302340>
tWins: [2737, 2242, 2906]
Percentage: [0.24174174174174173, 0.19802155096272744, 0.2566684331390214]

Probe: <function ProbeMovement.pBRight at 0x00000125983023E0>
Wins: [2887, 2383, 3046]
Percentage: [0.2549902844020491, 0.21047518106341637, 0.2690337396219749]